75.98 36.62 52.75 58.16 12.22 87.69 48.20 23.56 95.40 63.20 
96.85 64.86 64.35 32.67 31.49 51.58 47.39 20.99 15.79 67.79 
53.54 0.01 26.23 10.22 63.73 94.59 10.58 97.74 93.82 93.24 
31.44 82.30 35.02 81.50 33.48 81.87 2.81 40.81 5.02 55.20 
27.49 80.37 59.29 63.52 11.08 28.94 52.10 24.40 64.05 90.50 
53.24 37.08 5.29 41.10 32.96 83.11 97.63 49.56 44.64 60.56 
73.88 50.77 50.27 17.66 32.60 16.38 84.05 98.89 35.39 52.19 
87.35 30.36 50.31 44.94 48.04 2.21 92.05 50.42 32.68 8.16 
28.77 6.64 82.04 53.69 95.57 40.34 44.71 70.94 54.14 89.02 
70.43 75.62 48.26 56.80 94.17 49.74 94.55 90.28 60.95 98.07 

53.38 94.97 61.64 44.68 31.85 70.01 28.46 16.77 24.24 9.70 
41.58 44.35 14.86 16.26 81.14 85.34 4.79 84.66 96.80 34.79 
65.56 32.45 54.48 22.78 73.84 48.66 42.44 2.08 30.70 86.12 
84.72 98.88 51.34 54.47 14.40 78.31 97.11 77.51 59.51 30.84 
35.30 51.30 75.05 38.57 75.25 69.11 49.68 99.00 54.06 0.69 
98.78 0.95 41.29 99.01 81.81 37.68 11.40 98.38 45.89 96.72 
14.65 83.63 85.35 15.40 93.67 61.91 98.13 39.39 43.38 92.24 
71.30 92.82 22.91 73.20 80.69 92.46 86.28 61.24 63.28 16.08 
96.77 99.94 42.38 85.85 28.78 9.99 60.54 34.82 97.07 2.29 
28.47 75.66 75.88 90.90 16.58 98.64 35.97 10.78 88.96 15.68 
