A:
22.87 99.49 91.34 52.15 53.16 6.49 96.92 84.47 28.22 78.43 
47.77 64.18 11.87 64.35 26.43 94.48 82.45 97.74 32.49 41.85 
17.99 86.66 91.70 13.72 93.43 15.92 20.79 62.83 19.78 71.45 
22.17 93.56 15.42 30.47 92.23 84.61 75.71 27.66 41.40 38.86 
35.05 78.55 85.93 91.04 71.62 1.45 79.94 2.94 36.84 41.80 
60.78 94.35 49.21 1.90 14.92 29.49 97.59 57.34 52.48 90.76 
62.91 21.41 85.75 88.74 12.81 6.72 59.00 7.08 22.60 51.88 
4.80 37.02 39.46 88.44 46.79 20.08 70.93 50.08 21.38 34.33 
19.40 5.31 41.64 39.15 76.42 3.81 22.92 35.14 39.23 58.37 
2.30 46.25 23.96 85.44 86.19 29.57 11.86 88.04 50.80 19.79 
B:
22.22 60.97 67.95 63.58 70.73 95.73 3.41 50.78 89.87 23.27 
58.04 85.69 91.25 74.41 57.45 20.80 20.32 29.87 79.92 97.50 
17.92 75.20 86.25 98.75 64.73 55.22 78.40 43.69 17.17 62.75 
63.35 7.83 19.36 22.99 80.19 49.97 63.24 69.49 1.19 77.65 
45.32 39.75 24.82 96.41 52.58 68.15 45.75 50.65 63.24 64.95 
43.65 44.58 41.65 8.94 85.37 11.82 21.50 57.97 84.53 38.36 
63.59 3.09 86.53 26.50 77.42 97.72 59.42 31.00 7.91 46.44 
80.57 26.01 59.35 98.43 88.88 80.04 99.35 13.86 89.91 36.18 
33.85 91.44 27.74 44.87 65.42 83.97 51.62 98.10 97.48 5.38 
88.37 42.88 73.07 74.62 98.62 32.83 47.75 27.27 49.23 66.66 
