76.68 96.17 99.59 66.89 94.32 4.54 19.04 4.46 78.74 40.27 
80.93 71.06 42.81 3.26 26.25 98.55 45.47 72.97 6.90 38.53 
22.94 7.94 99.63 92.29 89.85 56.21 78.79 27.72 61.30 99.39 
7.97 94.05 96.19 54.03 9.92 8.84 87.15 30.38 30.22 67.71 
7.75 92.38 55.71 10.68 53.09 59.60 59.54 17.55 73.71 10.34 
64.18 18.03 85.48 41.67 23.08 38.30 35.82 20.42 5.31 62.58 
92.22 71.51 76.88 59.01 60.21 87.76 92.58 79.29 6.20 97.81 
80.87 64.67 22.84 10.27 15.72 38.60 46.09 63.74 97.22 75.09 
96.63 37.88 21.16 69.79 88.66 13.20 6.77 88.80 61.50 59.29 
74.97 89.21 58.52 47.08 27.23 17.23 38.55 63.11 23.32 42.64 

51.07 84.09 84.24 89.46 26.48 27.53 46.16 26.04 20.73 12.99 
48.82 22.38 89.37 1.12 22.44 28.73 51.13 34.88 89.23 86.68 
71.13 21.17 81.47 74.53 72.38 53.21 20.27 59.09 65.61 74.39 
57.02 64.60 67.98 48.09 21.86 77.92 99.50 62.32 49.36 86.21 
74.91 94.47 18.54 56.35 67.82 74.76 37.38 36.04 36.37 65.09 
75.42 2.27 44.64 59.93 52.97 67.78 88.61 25.07 67.34 42.86 
16.17 62.05 7.51 10.44 40.75 53.15 70.07 42.66 23.54 12.27 
51.79 6.92 92.83 99.12 17.93 98.86 62.61 43.70 64.53 66.04 
81.71 71.03 79.66 21.54 20.33 82.23 64.40 15.57 23.66 69.93 
60.19 31.22 80.74 92.96 80.58 0.13 82.24 68.13 90.89 67.62 
