39.15 62.11 64.67 64.39 4.17 4.98 70.36 95.82 5.23 95.63 
20.92 90.59 68.66 19.48 12.63 48.51 78.62 14.42 29.30 81.33 
48.37 31.70 73.78 53.31 1.48 46.21 92.88 32.60 7.03 61.19 
66.09 22.96 71.88 38.53 18.71 86.66 60.70 37.86 0.42 69.54 
90.15 27.34 4.60 94.63 63.55 82.30 16.04 26.40 92.17 93.10 
40.31 29.53 53.66 39.54 8.08 8.50 75.35 84.31 47.30 94.11 
38.76 93.06 32.71 46.24 40.91 87.33 23.16 86.28 34.77 82.94 
37.42 44.12 30.80 96.77 62.90 40.52 19.85 59.51 9.05 28.49 
49.67 34.72 35.72 52.69 49.35 63.38 29.59 3.59 91.99 89.53 
41.81 6.60 67.17 64.76 22.44 77.23 63.64 95.98 36.48 67.38 

35.82 76.16 41.31 28.84 30.17 89.72 50.47 84.17 64.00 45.39 
44.75 62.07 39.10 5.27 10.24 65.97 6.94 13.99 25.41 35.56 
10.25 80.61 72.64 30.89 17.76 28.61 3.42 21.94 52.78 21.14 
3.87 11.61 81.25 61.58 18.48 66.29 73.46 90.98 63.20 87.80 
48.67 93.03 61.14 97.66 93.19 80.48 58.92 9.91 69.22 49.87 
71.68 68.96 14.10 94.29 83.33 61.83 52.55 87.14 21.36 80.66 
55.60 14.65 4.76 8.25 50.10 65.73 78.33 70.92 96.16 74.79 
2.35 62.54 90.49 20.64 38.00 30.93 13.97 11.69 73.19 95.75 
29.12 49.07 97.71 52.93 39.26 72.41 13.87 48.56 88.68 20.26 
21.50 72.86 47.83 7.72 54.54 48.84 66.49 43.64 20.47 9.11 
