31.99 46.53 24.59 9.99 26.93 90.73 83.77 33.15 32.13 52.13 
69.55 54.21 13.46 14.58 79.79 70.10 78.16 63.54 27.24 54.53 
18.96 26.53 26.11 68.10 24.21 24.46 28.78 19.41 76.33 52.08 
65.22 18.95 90.34 50.69 58.56 22.28 4.01 82.30 12.02 41.37 
75.17 35.03 47.54 97.24 39.49 32.56 23.02 52.65 36.54 34.47 
62.56 75.66 57.09 49.22 12.42 11.87 59.46 91.06 52.40 30.91 
89.14 48.12 17.52 29.05 58.15 4.20 71.80 38.81 89.87 55.53 
29.66 93.88 64.84 47.16 24.29 59.65 44.59 29.13 63.58 70.21 
73.75 41.96 7.32 29.48 19.36 2.01 2.95 41.18 31.88 34.07 
18.46 72.14 5.53 27.69 63.49 90.88 24.84 84.31 68.66 80.87 

2.34 40.57 29.82 75.60 70.62 19.40 8.43 54.65 96.33 34.59 
83.77 47.07 13.83 91.81 1.23 20.04 57.61 13.86 95.88 98.65 
2.69 58.10 12.12 76.08 98.62 67.81 91.66 40.56 49.83 89.03 
6.10 7.63 23.72 1.18 12.51 35.15 20.45 77.32 58.53 92.56 
68.11 89.11 77.81 68.79 65.09 82.71 19.41 87.94 13.88 64.25 
40.52 92.12 97.70 45.07 75.89 15.95 1.04 7.78 86.27 57.51 
36.91 74.08 32.61 54.97 50.19 23.42 23.67 6.20 37.03 28.13 
93.95 8.94 0.67 24.38 94.82 41.83 25.15 91.58 29.45 55.79 
16.30 73.39 98.79 12.87 83.92 0.76 87.61 22.39 80.46 77.75 
80.70 10.06 86.53 64.15 98.71 46.67 2.71 58.52 2.70 39.37 
