A:
21.91 8.74 97.04 5.99 70.68 70.10 29.19 78.83 40.92 59.00 
84.92 50.02 13.97 29.70 44.97 73.17 40.33 91.37 38.96 89.60 
64.59 22.45 78.53 28.71 45.40 71.29 84.73 84.97 23.65 68.67 
62.93 85.54 26.28 92.16 77.81 28.93 92.03 39.22 56.19 93.53 
59.16 35.43 90.71 93.65 36.61 32.50 54.69 4.80 50.96 49.27 
29.77 20.21 80.59 44.88 31.37 94.90 54.29 86.96 0.31 61.88 
92.45 38.46 67.42 78.17 91.79 44.20 57.16 94.89 28.90 30.59 
27.24 1.33 5.39 81.57 70.94 45.62 40.83 60.59 77.91 28.68 
70.24 41.79 40.87 21.68 77.51 79.56 27.81 90.32 20.71 89.91 
18.34 5.58 69.18 69.46 61.97 67.83 21.08 63.13 47.36 82.24 
B:
87.61 80.66 94.22 98.15 94.87 58.12 21.15 22.42 33.43 88.46 
40.55 30.13 15.45 26.62 81.60 86.20 22.19 86.68 41.84 83.87 
23.93 51.44 9.25 38.94 68.26 41.60 82.71 25.49 68.52 12.49 
12.50 69.86 69.07 55.63 43.90 50.66 84.02 62.45 79.00 91.48 
26.32 60.60 55.86 10.23 38.74 24.02 76.45 41.98 52.96 61.95 
38.63 61.22 17.75 19.97 75.11 97.02 95.57 14.51 43.76 26.33 
2.51 36.79 48.77 29.01 25.42 48.63 5.62 38.75 37.09 72.65 
20.69 67.16 26.33 19.22 10.97 55.64 48.43 43.49 20.24 50.97 
66.50 13.72 64.03 47.54 12.71 19.33 40.38 1.18 71.72 92.33 
69.48 98.70 91.93 19.64 18.21 13.84 23.26 8.88 29.07 42.42 
