52.67 96.05 17.65 39.15 58.79 16.90 59.57 50.73 31.46 73.68 
16.26 27.68 92.09 94.72 2.00 61.54 67.57 60.37 74.51 52.32 
30.68 74.90 77.25 15.60 71.88 28.39 15.08 8.59 17.02 84.19 
54.45 25.74 3.85 11.77 88.63 62.19 83.36 61.60 13.76 72.37 
16.52 76.83 60.84 43.77 38.27 48.93 24.74 67.27 11.30 57.00 
93.71 71.28 59.84 40.73 12.12 10.28 64.38 12.25 23.07 54.61 
34.55 6.58 81.25 38.44 55.47 96.00 70.67 28.29 3.68 54.15 
32.16 96.97 55.08 74.30 15.28 91.01 35.50 11.16 75.01 61.83 
0.57 83.70 77.64 52.80 84.06 48.17 75.44 66.30 4.40 60.71 
20.03 24.56 5.35 72.81 37.85 16.37 43.99 60.72 63.12 4.48 

70.04 17.45 0.83 27.04 75.39 27.95 43.51 51.00 39.76 33.28 
13.49 17.08 49.77 80.64 89.37 64.12 41.33 57.42 16.85 98.91 
24.26 39.19 77.42 20.68 18.53 96.84 55.14 92.56 91.25 20.33 
62.37 97.03 70.54 45.39 39.44 30.16 22.21 35.51 64.07 20.34 
13.16 18.68 82.11 24.26 88.96 11.50 33.08 5.56 62.03 95.54 
99.77 70.21 99.57 72.63 17.44 97.30 61.68 50.95 31.74 21.19 
70.32 69.56 40.74 64.55 77.59 9.76 88.31 49.87 40.22 2.57 
66.52 39.79 20.89 75.51 15.96 70.38 81.91 46.21 65.10 76.95 
69.37 71.09 20.21 97.61 95.51 70.13 3.10 93.75 51.20 26.19 
68.48 57.49 39.03 23.05 65.51 52.86 41.75 95.61 96.44 74.43 
