A:
86.61 45.23 98.07 68.33 55.32 47.86 64.04 80.06 68.35 35.80 
95.56 5.31 35.43 46.39 56.77 48.94 90.94 17.89 53.38 74.09 
22.21 47.87 78.28 45.46 63.80 26.10 88.83 41.23 27.88 14.35 
17.63 29.60 9.99 1.62 37.75 23.59 48.23 98.78 51.43 76.66 
23.55 77.63 38.70 87.17 10.01 52.80 64.34 40.73 33.41 88.22 
68.11 81.68 34.32 99.37 75.75 56.51 30.33 14.69 3.01 38.66 
55.43 46.19 77.86 45.62 79.85 84.99 48.17 19.83 49.18 72.77 
94.28 28.76 13.42 97.69 96.36 35.51 79.81 22.08 19.19 70.50 
4.06 49.53 75.20 88.77 39.12 54.85 41.82 61.54 76.59 23.24 
95.58 27.74 91.02 82.10 21.04 60.78 62.61 83.89 82.23 66.21 
B:
35.20 6.76 54.19 83.83 78.58 7.73 69.87 99.60 89.33 23.62 
89.83 92.51 97.75 93.79 98.59 52.86 80.10 62.86 29.97 69.60 
56.29 33.25 68.85 37.09 70.60 23.60 96.16 63.93 43.56 72.94 
16.24 80.48 86.94 86.15 92.56 75.00 37.61 25.05 98.14 14.68 
75.37 80.71 5.96 64.49 52.88 95.20 64.75 20.50 69.07 17.13 
15.93 13.04 6.90 9.56 5.75 24.32 64.57 3.70 53.19 71.57 
7.66 30.23 41.50 73.62 9.90 28.76 35.41 80.93 84.89 49.41 
16.26 73.81 83.28 51.88 99.22 45.58 88.75 81.81 78.54 95.39 
96.75 16.32 69.96 25.53 38.27 94.54 53.67 35.88 47.86 76.46 
60.73 4.00 1.85 33.79 91.29 70.87 56.86 71.25 83.49 78.73 
