A:
46.64 39.45 14.04 44.69 81.15 66.05 35.41 89.51 2.30 86.22 
2.95 22.76 66.57 5.70 67.19 29.14 83.20 11.97 24.55 18.57 
22.84 62.58 25.51 9.79 33.95 2.88 42.24 64.61 33.21 31.01 
40.12 67.75 32.78 72.09 85.42 18.07 26.81 65.03 84.27 83.70 
74.85 58.17 61.74 78.95 96.61 48.88 74.15 64.58 93.88 19.78 
31.38 37.57 71.03 61.07 82.44 77.56 81.87 73.42 14.03 89.10 
65.37 50.91 52.14 1.97 3.21 27.86 59.65 43.82 20.56 89.02 
52.67 58.33 6.84 28.20 87.17 82.04 7.33 95.11 99.97 9.02 
70.36 40.81 53.36 63.73 92.52 27.97 71.38 82.78 74.10 98.61 
80.33 18.87 66.65 98.65 62.59 20.84 48.12 65.01 48.28 27.41 
B:
33.06 90.04 44.72 82.70 83.33 32.15 18.02 54.84 67.52 1.82 
64.73 66.12 86.32 65.34 12.44 27.45 51.17 50.47 90.84 18.25 
69.02 40.87 4.94 71.71 98.25 53.62 98.72 26.84 4.92 71.16 
36.98 62.39 16.64 39.06 48.57 31.18 11.23 5.67 17.29 90.15 
54.96 78.04 68.56 41.72 48.12 40.37 10.54 28.26 70.67 84.19 
76.67 89.87 90.46 54.59 75.45 75.81 41.05 86.61 61.27 85.62 
91.25 99.01 32.27 80.02 47.16 73.23 84.14 11.26 61.17 86.88 
14.13 22.07 18.60 68.31 87.53 93.30 31.44 31.63 72.63 17.19 
80.43 94.16 57.05 42.70 75.80 59.89 93.81 97.63 41.17 95.80 
71.88 10.02 33.93 17.57 57.86 28.37 81.22 53.39 80.47 61.07 
