A:
51.29 95.59 67.95 91.78 64.60 19.73 63.80 78.73 47.60 37.87 
54.76 29.94 91.12 2.49 46.18 18.49 0.13 9.67 61.00 97.77 
12.16 50.75 48.29 49.48 41.38 35.96 66.16 42.58 28.96 7.75 
67.77 76.67 43.85 86.04 37.83 33.50 51.84 77.00 65.26 48.06 
65.35 54.31 3.48 41.31 45.01 58.64 78.35 31.21 72.69 77.10 
52.11 12.03 47.89 55.12 68.55 18.33 42.73 16.45 73.58 29.70 
59.39 34.89 74.17 63.99 86.40 61.90 3.73 46.50 14.01 62.82 
9.33 67.03 58.84 1.31 94.30 2.05 69.88 94.96 6.57 95.44 
50.56 35.05 81.81 56.95 34.70 30.43 3.97 99.61 33.00 45.27 
30.99 32.51 87.79 47.45 88.94 90.90 50.25 96.31 6.52 79.92 
B:
74.09 36.78 58.87 91.44 87.88 71.69 87.56 20.75 87.20 72.75 
14.62 66.65 87.14 48.45 66.27 38.40 88.26 70.99 13.14 43.00 
2.66 21.42 74.41 69.61 61.41 89.28 4.07 93.43 21.93 89.39 
73.27 31.13 5.02 12.18 68.07 70.70 26.91 64.52 84.33 66.98 
75.07 26.79 14.71 22.87 64.63 26.37 42.57 3.47 11.67 17.79 
27.87 2.53 30.66 57.67 52.23 65.27 30.43 58.96 14.32 83.30 
96.09 68.38 19.23 38.30 90.55 62.17 95.16 22.77 34.80 44.86 
3.61 65.86 4.23 82.18 56.66 49.04 75.69 94.46 44.32 29.34 
88.91 52.83 59.26 60.93 6.57 32.62 18.97 48.23 73.30 93.81 
48.94 85.76 15.31 22.59 64.51 94.52 94.98 87.53 24.99 99.83 
