A:
48.99 92.71 58.98 64.53 62.38 46.52 74.92 83.22 4.17 94.90 
23.45 84.98 68.59 95.90 40.25 8.88 77.52 60.87 51.24 40.13 
62.38 65.88 82.00 10.86 17.56 29.93 2.13 91.22 72.38 12.65 
64.72 53.93 25.65 80.28 41.72 41.56 63.58 44.45 58.07 84.27 
63.13 20.17 78.64 39.02 2.03 67.18 28.21 11.53 38.43 81.80 
16.74 36.79 32.32 76.42 39.60 69.55 25.90 24.03 6.64 6.08 
19.73 27.47 46.90 52.85 34.85 65.02 59.53 81.43 85.09 85.77 
70.55 32.95 97.56 99.03 72.57 63.44 30.42 43.77 33.48 14.19 
33.79 21.45 32.54 88.69 63.74 46.33 81.30 81.78 87.32 33.11 
89.96 7.19 39.03 48.24 51.14 43.36 45.64 81.77 70.70 99.33 
B:
96.45 19.29 76.00 7.15 32.40 78.73 88.86 92.79 41.93 3.92 
59.98 28.05 14.10 34.84 32.33 18.80 79.37 9.55 89.68 22.73 
60.00 46.48 38.90 28.79 35.83 23.95 82.52 0.96 14.34 81.98 
68.51 30.47 40.39 54.29 59.28 2.19 28.48 19.19 90.99 98.26 
83.22 21.17 26.21 13.92 55.46 90.75 49.20 74.89 11.80 70.22 
8.24 41.89 24.60 8.15 60.58 41.95 32.62 12.58 35.77 2.42 
24.92 18.73 64.92 15.27 25.85 49.33 62.42 22.86 55.30 1.67 
41.42 62.73 56.74 84.91 3.86 34.27 31.04 53.95 48.20 75.73 
57.24 7.19 19.81 6.74 64.07 41.05 2.03 78.58 29.14 2.32 
1.88 12.32 44.17 79.92 37.54 66.94 31.25 14.50 58.72 24.22 
