A:
6.72 88.71 71.81 41.84 38.12 44.34 8.23 54.08 71.65 35.03 
37.22 29.32 21.20 25.32 18.28 30.24 52.70 47.23 52.88 7.90 
0.03 76.61 26.82 69.49 47.05 5.37 27.86 69.00 6.46 32.25 
27.14 1.79 85.49 3.89 89.62 31.42 66.07 3.44 41.24 46.88 
81.03 77.60 89.46 61.95 45.45 72.72 60.74 51.97 75.06 86.64 
69.17 58.87 76.61 31.17 38.29 57.19 32.35 80.21 33.41 69.30 
38.41 2.50 15.54 47.90 12.85 7.81 54.65 68.82 79.52 51.17 
81.09 36.14 96.68 87.81 61.56 12.00 98.66 50.65 20.50 56.33 
87.63 66.42 80.87 24.59 39.76 76.72 37.65 86.85 33.74 18.95 
30.82 47.80 49.97 46.21 99.54 6.87 69.73 81.49 12.05 9.03 
B:
33.37 75.22 2.62 59.36 88.78 83.70 12.30 3.61 79.49 83.79 
3.89 18.72 14.99 73.26 4.82 81.90 20.57 12.74 71.24 62.11 
2.45 81.14 75.84 28.55 85.11 86.40 52.04 12.19 3.38 97.59 
20.79 49.92 36.14 67.07 38.29 18.92 27.51 58.54 88.86 9.73 
49.47 66.02 51.30 73.06 68.70 66.89 49.67 33.37 33.52 44.23 
34.14 67.61 18.26 15.06 64.77 31.14 24.97 68.28 28.41 86.48 
63.04 37.13 24.23 2.09 75.99 33.09 13.52 70.31 30.38 89.95 
15.21 61.91 70.29 71.50 22.58 99.85 14.88 50.38 63.53 48.39 
52.33 0.65 85.23 49.16 61.90 63.28 63.24 71.34 53.43 36.27 
53.87 12.67 76.63 6.39 16.06 30.68 39.31 85.24 54.86 92.67 
