A:
81.01 93.33 99.41 64.03 43.76 52.77 78.18 68.13 1.22 25.15 
28.60 46.76 2.19 69.29 4.17 55.85 18.00 70.18 42.86 73.37 
14.26 14.92 96.34 58.97 9.83 64.89 95.10 65.49 29.34 78.34 
51.86 71.70 86.94 40.80 32.65 17.47 43.84 91.39 70.49 37.79 
84.53 68.31 64.33 81.45 19.11 31.71 49.55 93.36 49.33 68.33 
50.86 80.94 22.72 33.92 73.22 72.58 76.40 41.40 26.22 37.45 
86.21 68.87 76.61 23.77 46.92 10.97 30.43 91.52 67.76 44.40 
99.68 50.75 9.92 67.87 66.56 32.52 77.53 40.05 14.15 34.61 
59.45 10.41 40.01 93.07 77.90 99.28 58.50 3.19 42.70 6.60 
79.91 13.56 44.05 62.10 72.96 71.84 93.81 25.85 34.71 92.64 
B:
61.92 92.19 94.96 91.88 18.97 48.49 40.13 6.36 18.20 47.43 
68.18 79.62 52.04 47.38 75.92 2.88 36.47 60.30 95.51 18.65 
0.66 15.41 80.21 77.50 93.76 45.61 47.24 75.99 81.23 37.08 
67.92 97.03 39.57 33.34 60.03 99.60 69.66 53.01 87.83 4.32 
59.49 94.06 74.69 57.55 44.47 63.11 39.12 14.30 21.99 16.81 
54.67 94.24 34.47 77.73 82.81 6.42 31.00 0.57 69.58 64.66 
5.79 77.96 92.44 78.13 95.94 47.50 13.93 26.47 92.55 21.75 
37.79 69.20 79.69 77.00 79.93 18.84 72.96 32.64 92.10 30.39 
56.29 89.70 22.67 17.14 23.90 89.12 21.10 32.00 80.61 53.59 
54.71 96.78 19.80 95.63 43.77 3.99 6.44 69.80 12.39 94.87 
