20.86 23.27 54.90 47.45 92.83 82.89 26.53 5.92 26.78 67.73 
99.51 54.90 81.95 75.88 18.71 29.39 57.53 18.64 95.65 9.87 
48.43 28.26 96.34 18.22 64.86 47.63 89.54 5.71 49.80 59.68 
3.89 59.61 94.29 77.89 95.38 29.95 82.57 22.30 43.92 5.07 
30.04 22.20 58.27 91.60 59.50 80.63 91.91 76.37 20.53 79.67 
91.08 15.25 65.37 56.09 81.13 68.12 17.43 32.76 70.23 36.82 
25.68 97.69 59.25 6.79 78.85 47.21 93.62 99.11 51.07 72.84 
20.40 96.37 83.28 65.06 3.53 40.29 21.37 98.80 62.04 60.92 
42.59 65.35 73.64 98.76 71.70 60.43 63.57 81.46 37.98 4.41 
52.44 70.73 33.20 6.95 76.18 39.18 77.05 6.02 21.04 30.45 

75.90 88.90 99.21 36.37 20.93 78.72 37.00 97.71 20.03 18.96 
21.58 67.50 15.73 4.36 77.34 81.04 77.70 94.76 91.83 13.11 
76.43 35.65 43.33 88.15 88.59 12.62 17.79 64.84 4.69 20.33 
55.02 38.32 24.84 9.67 19.74 31.47 18.66 65.13 51.05 29.92 
64.93 54.33 72.18 17.28 39.38 61.95 92.51 27.68 36.36 35.07 
11.18 7.81 37.72 94.88 77.23 80.42 16.86 27.40 57.45 68.96 
35.30 91.79 81.19 47.69 7.34 29.70 5.36 51.42 8.46 30.37 
21.63 31.90 49.59 30.06 56.51 55.91 33.46 22.66 17.21 88.77 
55.17 47.12 53.51 54.13 49.85 50.70 0.82 12.01 93.95 60.49 
46.15 40.79 13.62 97.83 83.85 60.90 2.59 3.07 62.09 20.11 
