94.95 81.24 48.87 87.59 85.29 41.01 27.98 15.51 17.88 6.98 
36.22 96.88 41.62 68.37 96.35 26.43 83.07 19.83 47.06 42.84 
87.84 86.66 82.01 17.52 41.24 50.29 98.99 17.91 61.38 80.09 
73.06 52.08 66.71 92.13 29.34 97.17 70.35 83.53 88.01 5.29 
77.07 59.75 6.28 18.19 66.99 81.40 5.85 0.23 57.92 36.38 
79.86 55.49 21.39 54.10 92.11 91.69 71.02 96.29 31.14 1.49 
65.82 41.23 67.42 46.76 86.83 15.17 21.22 67.42 61.73 4.05 
85.96 26.56 50.22 85.33 89.86 83.06 20.24 29.40 18.76 16.05 
11.83 22.32 6.41 74.19 15.31 25.52 79.51 60.29 26.97 15.67 
36.98 73.56 74.03 96.93 79.65 50.42 48.72 74.54 66.00 74.33 

31.51 85.62 2.97 92.28 94.59 95.82 9.69 39.83 24.87 76.55 
52.26 97.53 51.23 59.69 23.33 2.07 84.39 69.39 36.13 19.82 
24.15 65.33 36.56 17.60 95.45 15.00 24.64 53.27 87.12 96.62 
98.98 69.34 89.91 25.25 56.45 59.81 12.76 14.48 32.83 60.28 
29.27 28.05 43.33 32.30 97.28 92.95 78.14 82.67 57.07 92.13 
52.03 46.64 80.61 64.12 96.76 92.25 55.72 82.98 57.14 28.55 
42.73 2.20 87.84 39.44 92.83 9.96 87.56 13.67 17.77 31.13 
6.76 91.61 0.73 60.58 40.88 13.34 13.15 7.00 52.46 96.96 
30.06 92.17 62.05 36.31 35.19 96.41 47.39 2.48 65.62 6.05 
3.19 91.16 86.98 69.38 45.17 34.27 23.79 96.37 84.32 20.71 
