A:
16.20 5.25 43.71 58.86 87.55 10.21 46.79 16.29 30.77 16.97 
13.30 85.80 84.88 2.75 85.45 47.53 66.53 30.09 76.88 95.63 
44.05 37.42 37.05 72.19 82.88 16.47 71.54 27.55 42.30 82.79 
75.30 85.93 35.15 2.11 4.50 26.00 7.63 94.96 21.66 15.03 
7.84 51.78 38.30 85.32 60.67 11.88 49.96 81.84 64.36 95.20 
38.22 20.45 37.14 42.58 33.09 14.40 93.17 18.31 47.03 63.60 
22.27 0.72 75.33 56.39 69.04 59.07 78.31 5.67 98.99 26.31 
8.92 23.02 61.41 85.60 96.49 20.70 76.72 42.51 6.51 43.27 
55.02 87.33 34.92 52.32 91.78 63.51 22.86 5.83 79.91 44.27 
92.16 97.20 41.92 71.47 43.14 26.50 69.13 35.03 5.87 35.48 
B:
18.50 52.92 88.57 76.19 0.72 46.92 40.95 12.81 87.36 80.82 
2.07 84.71 20.19 26.78 59.61 26.77 63.78 69.51 88.97 22.88 
21.68 81.62 16.45 95.03 81.76 38.84 83.22 7.03 94.34 81.53 
47.60 82.11 90.03 14.78 53.37 19.74 57.52 88.73 97.36 29.79 
12.19 15.47 93.74 2.87 8.36 92.56 96.26 19.38 30.85 69.83 
74.88 9.32 40.50 57.89 86.38 68.50 9.35 49.03 10.51 42.18 
87.35 26.35 61.97 74.43 83.43 26.57 83.88 41.75 90.51 64.28 
41.33 78.51 20.27 6.30 30.48 1.18 83.79 53.97 77.79 40.12 
74.19 21.57 59.63 32.49 66.97 77.07 82.07 10.02 86.16 85.16 
65.38 86.00 17.92 49.46 71.42 58.46 13.80 55.72 95.88 21.61 
