10.55 28.95 58.49 51.52 63.25 50.68 35.31 89.39 51.14 87.53 
52.68 48.21 56.00 48.78 22.65 23.85 72.51 32.82 53.83 34.16 
61.85 36.96 16.77 35.68 91.74 21.95 94.21 16.50 22.17 29.96 
34.04 81.58 8.14 40.61 49.74 77.10 59.66 58.28 43.45 48.35 
19.69 30.13 42.47 16.16 64.97 13.50 1.94 8.09 60.48 22.10 
22.00 72.34 66.31 14.61 76.62 96.48 31.79 13.25 78.81 42.94 
78.55 44.32 1.52 93.62 0.16 24.74 16.48 60.34 79.74 95.08 
36.44 8.19 23.21 45.01 3.39 95.33 94.39 65.47 43.59 61.95 
75.85 69.43 86.82 29.65 56.76 25.93 20.33 64.95 7.61 96.62 
0.43 95.46 34.61 94.77 72.55 72.99 93.94 94.79 76.23 96.84 

99.22 29.72 7.94 67.14 55.16 76.08 11.24 54.98 37.48 75.09 
56.00 60.01 46.54 80.74 77.28 58.28 50.88 52.10 34.20 76.41 
88.53 49.99 29.04 97.66 4.25 75.12 77.35 13.75 41.93 49.70 
22.59 50.24 99.03 86.33 23.63 27.63 68.76 62.97 32.12 63.89 
89.90 1.18 77.15 93.18 60.94 88.34 53.38 11.05 41.97 38.16 
60.65 79.28 94.94 77.78 58.40 67.47 30.69 65.07 36.10 77.96 
4.65 31.09 56.42 14.49 91.05 18.52 22.97 32.68 43.10 47.01 
2.14 0.33 35.17 92.71 27.70 68.83 87.51 45.95 45.59 45.36 
16.63 40.91 12.25 59.08 87.06 61.41 73.62 26.08 31.19 80.59 
41.00 94.80 3.39 76.00 51.73 88.67 88.29 58.52 6.18 60.45 
