78.04 83.20 61.31 71.19 17.21 72.86 47.09 59.81 87.76 67.78 
32.74 10.86 56.44 5.55 17.76 63.95 32.98 68.93 81.39 65.98 
60.37 84.59 98.95 40.86 23.59 16.56 34.78 42.90 22.48 97.91 
76.60 87.08 10.55 53.43 94.18 41.07 7.77 66.06 25.59 44.48 
18.12 56.52 90.51 95.64 99.92 8.27 5.95 87.67 2.40 11.96 
59.52 55.18 82.22 24.07 33.20 7.51 32.64 56.74 15.51 91.66 
95.99 45.00 46.32 68.48 72.31 44.83 83.00 2.17 74.78 24.59 
99.84 10.83 48.18 58.15 21.01 81.17 0.78 69.46 10.89 94.82 
20.90 18.56 42.72 73.68 50.50 27.01 86.90 37.86 60.47 1.82 
48.34 51.00 12.72 46.22 14.92 56.34 34.26 42.29 98.68 97.01 

70.77 2.56 19.39 42.79 86.95 13.86 29.64 86.41 89.32 15.03 
76.23 89.63 50.32 92.00 52.41 1.22 18.56 30.37 95.72 69.34 
67.82 20.48 99.07 41.88 91.56 91.20 31.80 83.33 64.27 34.16 
68.35 90.39 91.20 28.39 92.97 73.11 80.45 11.79 4.52 19.48 
60.10 68.92 42.03 25.07 82.59 75.50 47.66 41.38 86.70 29.31 
67.54 94.99 0.06 30.56 58.49 4.19 11.24 63.54 79.40 13.61 
0.88 12.99 6.05 89.93 75.19 76.95 73.70 46.25 28.77 82.87 
78.38 58.90 63.73 96.42 13.09 56.65 49.20 64.56 25.06 1.01 
25.77 48.50 99.94 76.28 23.58 67.02 96.77 92.11 50.40 6.63 
49.62 81.98 82.97 6.07 3.07 60.28 36.08 31.36 55.07 16.78 
