90.44 16.81 21.51 75.15 94.06 48.84 1.81 17.32 96.21 79.67 
14.27 14.43 1.85 62.90 95.33 57.85 29.25 66.51 76.41 66.22 
47.67 6.00 48.24 84.96 97.15 63.63 94.78 7.96 15.69 38.10 
54.47 95.83 72.13 34.48 54.53 70.53 20.28 5.20 4.41 16.01 
57.79 65.51 9.24 99.24 45.37 34.99 84.81 82.56 94.69 56.00 
74.78 5.94 59.10 14.63 52.82 65.61 61.82 12.23 6.12 47.03 
49.34 2.86 67.36 94.14 5.51 14.79 81.72 25.40 34.91 56.38 
73.21 99.87 55.12 10.13 76.09 16.25 95.70 63.15 6.58 29.64 
61.95 95.42 67.73 35.02 64.91 40.90 64.40 77.19 4.39 84.80 
0.00 57.96 22.21 63.28 79.92 44.92 87.92 34.07 65.21 9.81 

12.01 71.76 93.48 47.97 39.31 29.40 31.87 88.53 60.51 34.91 
95.30 83.82 22.69 89.39 91.50 21.03 4.92 32.97 93.79 47.32 
11.76 24.42 15.12 48.27 15.34 18.10 64.01 93.39 23.34 78.14 
37.99 69.41 44.01 90.37 81.89 69.92 18.46 86.33 58.86 61.74 
20.31 84.37 85.29 28.08 16.06 22.53 58.91 46.02 45.88 91.26 
78.12 70.96 58.56 81.17 95.94 43.67 26.27 4.63 9.84 71.25 
43.93 30.01 36.28 55.81 16.46 59.46 58.29 94.17 38.28 86.33 
74.29 0.52 8.57 15.17 41.86 94.84 31.24 37.20 4.44 53.21 
90.13 19.01 94.14 70.32 94.56 65.68 37.18 21.97 75.36 67.68 
23.61 53.06 38.42 26.42 87.80 15.29 45.35 30.39 1.00 72.47 
