51.24 89.42 44.92 72.30 31.62 10.49 47.08 69.72 71.18 64.99 
13.83 40.02 87.05 32.29 5.56 71.56 80.12 50.76 5.74 6.36 
36.69 85.83 29.54 7.52 73.71 51.38 55.92 92.94 97.24 75.02 
81.46 11.13 10.61 90.15 88.48 4.24 69.41 8.98 48.15 50.21 
39.02 11.94 46.03 40.43 79.15 98.12 61.61 26.71 74.16 39.62 
64.43 87.86 84.47 84.32 14.87 5.53 41.68 99.87 71.39 82.51 
6.32 15.67 93.41 91.68 9.82 30.26 25.69 12.61 68.48 46.83 
35.03 88.76 72.40 15.95 31.98 98.38 30.14 57.24 7.00 44.17 
82.74 95.59 96.07 73.64 55.19 99.91 74.40 19.98 80.35 94.11 
85.44 1.67 10.59 43.70 59.87 87.42 14.34 1.10 41.74 26.48 

45.26 91.20 66.11 70.98 98.16 61.35 61.63 2.23 22.98 93.33 
85.32 75.51 66.29 13.59 55.40 8.01 18.99 73.84 10.43 34.60 
60.95 95.73 58.50 48.32 48.42 66.85 74.93 37.93 22.50 52.78 
90.60 31.08 60.04 44.22 99.30 35.11 26.82 36.36 32.85 69.32 
27.87 18.53 80.07 46.55 57.51 85.00 11.16 60.23 72.57 98.71 
87.33 35.65 15.71 2.00 56.23 84.83 10.02 37.42 61.35 97.71 
86.82 23.50 50.83 73.22 92.71 46.80 56.81 45.72 52.99 24.09 
22.08 92.84 63.81 27.24 69.76 47.55 11.70 5.13 54.31 36.98 
2.82 78.59 63.76 83.15 75.59 76.50 67.69 34.30 2.13 7.71 
42.54 79.05 25.36 18.31 19.54 29.22 88.60 33.51 36.68 19.63 
