A:
31.11 42.92 83.79 77.77 6.87 74.71 53.58 41.42 12.36 58.60 
81.30 54.32 0.09 58.36 53.65 40.36 28.83 29.11 62.06 89.21 
93.15 44.98 73.85 93.86 73.51 98.54 33.52 38.33 61.48 69.14 
65.09 50.94 44.31 57.59 37.98 32.82 14.76 33.39 13.26 25.86 
29.75 92.62 27.82 95.40 82.16 6.47 77.57 93.22 40.03 33.30 
1.65 12.67 41.97 7.06 23.84 92.04 12.84 66.39 18.13 32.00 
81.38 99.59 47.93 33.88 96.66 18.49 31.82 69.24 80.28 30.55 
64.74 60.76 10.26 68.28 92.00 28.73 38.27 84.86 72.17 26.20 
35.44 22.18 26.91 42.58 19.24 14.35 98.74 12.08 52.80 88.44 
32.68 70.70 48.54 8.20 24.34 93.59 78.15 78.57 58.72 15.29 
B:
97.29 64.47 55.76 8.08 8.96 52.40 65.74 11.65 29.71 85.53 
6.78 64.36 45.42 45.03 15.13 32.64 42.49 63.50 25.71 58.86 
20.62 26.37 37.89 2.18 61.39 23.19 70.87 55.15 30.53 19.97 
66.03 61.60 52.76 10.30 48.68 16.20 31.94 57.20 84.11 38.97 
50.13 16.20 0.23 36.30 76.07 79.42 62.92 3.15 69.13 97.17 
34.13 89.17 59.46 37.43 9.27 92.59 40.08 32.40 84.68 23.60 
27.54 55.89 47.58 56.16 23.53 85.09 18.74 26.78 72.15 73.81 
42.66 92.34 26.24 27.10 44.02 23.71 56.78 13.03 88.21 19.63 
75.56 73.45 30.99 75.54 67.49 87.09 67.80 96.93 4.23 56.01 
25.79 72.33 9.37 37.97 59.08 12.86 65.85 83.47 37.59 2.56 
