A:
8.83 45.27 80.45 2.05 27.47 86.76 42.23 4.57 7.26 69.71 
30.63 75.24 13.14 30.89 13.29 72.22 64.69 1.44 14.03 2.94 
2.40 70.44 16.26 54.23 52.23 94.34 38.21 59.03 35.41 92.00 
22.17 74.86 86.75 82.53 30.84 47.33 25.69 29.41 95.35 16.99 
58.10 34.48 83.45 51.18 86.44 70.08 13.45 46.99 72.28 52.03 
13.51 88.90 20.69 83.15 5.99 15.15 61.01 16.44 46.67 14.32 
63.84 92.76 29.38 28.54 18.80 9.31 84.97 73.04 18.08 72.23 
7.39 91.20 40.07 16.86 26.30 70.90 67.14 18.48 4.46 2.22 
79.11 6.63 60.79 19.79 40.91 54.47 82.97 20.22 56.88 60.83 
19.82 25.38 48.43 86.52 42.41 75.21 4.33 36.65 64.55 96.04 
B:
99.02 4.33 0.24 56.56 12.68 39.83 3.16 73.51 60.12 56.54 
53.31 27.57 16.63 74.80 70.70 85.21 73.89 55.25 65.63 81.77 
31.73 13.86 41.86 90.53 98.46 7.03 29.34 13.45 97.87 25.20 
10.10 41.35 51.96 60.16 59.93 94.43 18.59 81.60 45.71 13.96 
17.21 51.46 55.64 91.05 52.17 25.14 79.18 49.31 15.09 47.26 
54.93 21.73 4.03 33.02 74.46 98.92 19.49 38.75 66.82 32.18 
51.09 84.82 27.33 13.94 94.13 73.48 58.94 21.63 49.54 65.24 
53.15 68.72 16.58 99.82 40.83 52.91 92.36 26.72 69.39 18.63 
4.91 12.15 38.85 30.39 92.47 63.45 14.31 17.30 90.69 65.82 
52.69 26.45 6.52 69.27 43.87 43.00 31.07 15.21 92.97 60.84 
