78.87 39.98 46.43 88.51 2.50 84.12 87.93 45.97 37.56 8.64 
92.67 88.63 5.87 59.01 36.71 84.14 10.23 12.57 67.00 8.69 
3.93 33.42 38.78 39.28 87.00 92.31 19.33 95.24 20.06 77.09 
29.62 23.40 37.88 97.56 40.57 78.95 2.11 38.93 42.29 21.81 
29.65 12.00 98.59 24.71 66.54 80.95 16.55 87.53 95.84 10.36 
94.88 83.96 51.21 89.93 3.62 74.84 28.39 85.26 98.61 49.16 
15.29 12.83 85.51 37.80 88.99 68.82 39.52 30.90 25.72 36.80 
34.62 65.14 1.02 93.52 15.42 68.83 72.32 66.09 84.55 41.72 
54.10 54.45 14.36 88.39 8.24 20.43 38.37 57.40 91.50 44.06 
45.12 41.17 45.08 78.29 63.19 53.70 81.59 15.95 95.03 87.04 

79.59 47.18 48.56 10.39 59.54 97.04 18.39 73.63 99.03 44.62 
22.97 84.56 56.52 51.52 7.38 56.87 97.55 57.45 63.19 36.74 
25.86 30.43 25.55 59.24 58.03 38.33 53.23 89.09 75.92 13.34 
83.21 21.80 28.30 78.44 1.66 18.26 52.01 70.29 56.29 5.67 
84.44 0.37 19.41 99.46 85.64 80.68 86.54 1.66 36.31 10.38 
97.81 64.02 82.86 31.90 67.37 57.52 33.09 41.04 2.40 2.88 
5.34 56.43 40.57 9.77 88.72 15.86 53.31 88.35 70.71 77.37 
60.35 41.93 44.83 49.99 75.51 87.32 38.43 75.78 1.37 55.41 
9.22 79.14 6.67 1.76 91.78 65.51 13.07 97.10 42.46 9.17 
50.96 50.88 91.77 66.44 14.74 86.75 48.65 89.54 85.42 82.76 
