8.89 15.97 7.36 47.82 25.14 3.48 75.56 6.65 50.33 8.37 
13.75 67.10 62.49 49.63 2.21 10.62 63.78 60.70 14.07 5.39 
73.08 39.00 16.46 66.66 31.26 56.96 1.23 6.16 24.55 31.26 
29.94 89.92 72.01 62.38 60.19 30.33 27.21 33.43 19.51 62.50 
77.18 46.31 93.04 99.17 60.30 44.89 24.85 33.96 86.95 87.46 
67.17 31.94 38.16 90.58 68.04 8.97 22.07 80.67 11.79 84.23 
10.80 64.86 65.97 35.03 45.22 1.12 39.32 58.77 49.48 87.69 
52.48 66.26 55.47 93.18 78.78 42.40 10.58 27.28 56.62 31.01 
84.33 65.75 17.23 4.66 72.92 87.76 40.54 3.47 53.48 17.83 
26.11 24.89 70.03 17.26 17.48 79.53 33.44 28.51 67.32 69.91 

76.57 20.68 63.75 67.68 23.85 51.02 96.27 91.18 30.08 44.47 
8.75 0.42 71.80 93.91 13.14 82.41 71.54 10.86 29.29 54.53 
14.06 55.63 85.46 81.16 6.78 15.14 5.16 8.77 96.01 68.61 
68.02 55.91 57.17 78.86 46.32 91.13 90.46 28.76 44.61 44.50 
39.59 17.97 27.25 74.76 79.94 89.47 96.44 38.05 61.16 44.08 
1.35 73.43 34.01 71.78 62.15 81.54 27.98 51.54 75.77 82.54 
71.72 53.19 16.92 77.30 60.21 90.13 8.63 57.94 16.80 25.78 
96.06 32.23 56.35 29.31 12.12 38.35 36.43 55.04 35.32 34.48 
5.76 13.65 91.22 60.07 3.85 86.51 91.70 26.99 6.55 82.70 
19.72 6.55 16.13 60.03 97.46 3.02 75.17 67.66 91.79 74.94 
