A:
18.50 65.95 32.88 12.65 39.89 7.05 35.41 32.28 73.10 98.11 
16.23 70.39 29.40 59.43 49.94 43.67 96.60 14.28 48.78 93.87 
68.00 92.55 94.76 83.67 87.81 30.55 57.00 46.86 40.05 29.41 
0.24 9.96 84.75 77.84 54.70 71.74 23.15 29.17 92.64 36.31 
98.67 86.55 67.32 93.60 38.74 1.90 51.62 38.87 38.15 72.92 
86.95 66.61 63.47 78.55 11.66 86.09 33.24 16.01 56.09 13.46 
36.14 88.87 77.27 74.67 42.98 11.80 46.29 41.09 76.71 64.39 
38.02 49.23 78.65 76.86 27.89 33.63 56.73 2.85 0.28 52.95 
27.63 27.25 44.21 34.20 92.50 59.82 4.60 6.82 78.34 68.57 
24.53 20.32 27.74 17.79 2.21 74.81 36.54 6.80 75.92 52.67 
B:
42.63 2.46 24.60 80.54 94.49 11.70 2.83 2.81 57.71 61.11 
92.87 45.28 41.03 8.16 96.12 36.90 76.90 89.52 50.69 6.96 
70.17 19.73 52.73 6.61 45.67 72.89 55.69 18.48 73.78 65.21 
91.01 11.67 91.52 71.93 22.77 41.92 46.60 17.98 34.24 59.31 
43.83 20.50 53.90 99.78 21.16 99.64 69.62 83.12 15.54 5.89 
31.46 33.77 59.03 27.45 79.86 76.22 21.48 25.74 91.76 52.12 
92.03 76.61 18.59 73.85 13.30 74.44 76.59 73.87 62.00 32.41 
38.08 16.59 9.93 86.00 69.38 64.61 94.40 74.12 51.99 97.64 
29.23 60.57 34.85 45.97 37.77 90.27 38.06 86.47 99.72 99.20 
63.63 81.09 55.07 21.58 6.70 74.35 45.34 93.79 71.38 76.08 
