5.07 93.34 22.36 12.61 38.35 28.28 90.48 6.68 4.81 43.63 
75.94 1.15 65.96 91.43 96.51 49.02 58.42 36.33 30.01 94.69 
36.74 49.78 22.56 98.26 89.41 89.64 88.43 31.53 91.22 48.88 
25.49 42.36 44.78 69.74 31.15 95.20 89.45 98.64 53.49 90.42 
90.32 58.30 27.89 84.18 63.84 58.89 34.00 25.78 31.94 52.14 
61.00 34.02 45.85 66.50 34.09 44.24 93.54 55.20 95.91 90.58 
27.01 47.61 1.72 39.84 18.44 51.79 96.85 34.41 70.00 43.04 
9.87 81.54 41.88 74.88 31.17 46.58 18.94 72.71 18.63 8.89 
59.59 20.55 96.54 48.67 7.91 23.68 30.56 23.71 96.49 11.79 
66.58 90.36 4.62 8.74 25.16 63.85 27.84 92.23 90.41 42.97 

32.18 66.63 26.89 86.23 90.98 54.57 56.44 45.12 58.53 86.84 
21.50 21.00 86.13 24.28 54.18 26.39 36.44 2.63 85.40 38.75 
38.44 84.46 89.30 58.47 35.97 83.09 99.56 9.85 22.85 65.28 
4.91 67.92 87.21 7.24 62.45 0.52 90.36 99.31 18.09 78.54 
58.14 63.57 70.24 42.92 10.60 21.14 3.40 6.91 62.14 15.24 
11.67 28.53 4.79 84.74 41.15 28.99 81.43 57.51 68.51 96.78 
11.69 44.15 9.50 6.71 16.73 47.28 41.76 33.97 55.70 71.96 
37.52 96.18 95.05 21.15 56.17 93.68 86.89 83.96 40.41 19.08 
14.67 88.07 43.22 4.50 92.28 99.81 80.47 99.27 52.20 43.08 
90.88 28.76 30.11 24.70 52.44 78.19 11.19 26.06 41.31 8.85 
