81.19 44.80 11.63 16.51 18.42 12.32 5.67 43.01 69.96 36.31 
7.66 56.55 98.60 32.15 6.19 67.87 38.63 19.02 79.36 53.97 
78.17 81.35 36.76 37.05 72.25 88.31 43.97 86.41 57.70 56.63 
89.76 3.28 39.22 82.70 58.87 67.89 4.01 24.40 77.13 97.02 
38.86 33.33 35.72 75.92 94.83 8.84 59.11 64.51 85.46 21.44 
33.41 85.37 42.61 29.19 75.78 73.65 16.59 99.51 31.26 96.77 
9.04 61.21 67.25 72.52 71.45 48.04 86.85 93.28 47.74 0.22 
5.73 39.21 32.38 25.15 16.21 93.26 77.06 47.96 32.71 0.55 
16.49 12.03 86.57 83.33 84.83 7.89 9.47 62.93 37.39 61.54 
60.06 32.89 12.31 85.96 2.86 4.70 87.16 73.73 73.09 7.09 

44.66 98.53 13.13 99.03 52.12 9.65 18.41 54.82 24.40 79.26 
78.83 48.65 51.22 38.76 31.97 86.27 64.36 33.29 49.32 84.54 
44.93 19.14 86.73 96.10 65.27 88.95 62.37 60.13 11.51 90.94 
0.28 21.64 64.54 46.66 38.30 20.82 76.91 48.62 64.45 25.82 
72.13 77.87 2.90 0.13 41.42 59.41 70.81 58.35 87.56 53.26 
86.73 60.62 64.09 77.80 54.02 14.78 67.92 17.70 34.18 35.27 
60.47 20.83 28.78 70.67 34.23 93.73 96.54 87.12 63.64 92.69 
18.59 99.86 51.17 8.37 87.95 64.99 42.84 82.70 15.52 38.01 
75.83 74.23 37.14 35.52 78.80 73.97 39.25 35.42 94.43 31.81 
38.95 32.81 79.15 3.46 19.93 48.47 77.22 70.66 36.58 71.67 
