2.13 83.73 40.40 67.40 95.45 37.19 31.94 25.61 84.37 82.21 
25.39 86.75 49.80 66.42 34.79 32.36 44.16 62.37 8.81 77.03 
27.67 75.10 61.52 23.97 41.06 18.66 97.57 93.47 37.60 41.72 
91.73 8.87 41.70 24.50 52.02 5.31 69.32 93.82 85.16 79.26 
22.49 45.20 6.38 19.96 98.60 68.41 85.28 29.27 99.53 29.03 
55.86 86.76 19.79 58.56 47.89 34.70 91.79 42.49 18.61 45.68 
73.13 62.58 42.91 37.93 44.66 48.52 5.34 80.76 65.91 84.12 
32.18 34.23 50.28 73.20 41.70 88.14 84.02 73.78 93.10 23.90 
29.71 94.86 57.74 62.74 17.98 38.50 16.73 73.66 53.98 86.95 
69.27 9.05 29.82 35.75 45.58 65.74 81.11 60.38 85.74 12.03 

72.50 5.40 75.78 7.29 29.45 76.50 24.85 7.06 20.42 81.65 
52.98 39.33 9.51 23.46 77.87 49.01 89.54 41.17 85.00 98.66 
46.74 16.22 59.23 28.79 17.09 44.69 7.35 54.68 38.77 15.15 
16.16 16.05 71.10 22.08 10.72 74.08 46.42 31.58 65.59 37.82 
21.34 51.80 21.57 49.12 34.64 27.02 80.96 59.03 58.34 63.68 
6.37 77.53 79.60 11.96 19.00 30.92 34.33 73.08 90.22 20.76 
38.99 78.70 47.38 74.05 72.37 74.78 27.03 83.58 63.94 7.34 
95.37 27.81 71.00 41.61 74.61 90.64 13.68 34.60 58.08 66.30 
98.92 61.77 95.44 35.10 91.42 44.86 32.71 19.03 23.61 16.49 
74.06 13.87 75.48 48.85 8.66 16.06 58.29 35.05 73.71 67.64 
