53.73 47.37 36.08 14.44 39.53 81.19 34.25 58.73 27.98 93.29 
88.97 67.83 58.90 15.40 83.64 31.88 38.78 78.26 86.92 22.77 
97.56 48.83 81.06 56.08 57.50 89.97 99.56 81.57 98.96 50.82 
13.81 22.03 59.00 29.45 92.03 74.41 59.23 25.40 81.81 1.38 
83.90 36.83 47.69 92.45 17.42 79.30 23.02 85.82 2.14 79.47 
70.54 40.29 29.65 70.10 99.71 1.82 13.37 17.60 58.10 58.27 
52.37 10.28 91.95 10.46 62.42 45.32 48.85 61.77 3.83 39.02 
6.40 36.20 29.54 32.87 16.90 67.20 80.77 48.23 72.59 69.34 
53.66 66.01 52.80 30.07 63.21 61.70 62.97 42.43 3.74 31.71 
17.98 92.49 27.40 72.99 51.94 34.04 60.52 57.64 32.39 71.96 

61.32 18.75 82.60 18.37 34.01 9.51 51.53 0.78 93.25 30.97 
19.64 53.79 16.63 96.01 2.67 97.15 52.67 42.34 27.61 23.61 
14.84 65.18 37.17 96.83 42.26 80.13 42.33 45.11 48.41 12.03 
8.61 18.12 28.13 98.07 26.22 20.40 58.85 58.48 55.07 31.49 
85.63 63.80 48.60 91.97 1.55 0.61 68.70 74.48 83.24 55.09 
46.75 2.57 13.12 5.68 19.36 69.57 51.84 37.99 44.80 96.97 
35.48 59.03 19.85 3.54 9.58 64.08 33.66 65.98 30.70 18.50 
58.88 59.09 72.48 60.17 28.09 14.15 57.25 18.28 10.73 83.72 
31.99 80.16 17.97 15.47 19.33 49.29 21.60 90.46 8.50 63.36 
11.29 51.21 7.21 49.69 94.84 41.25 35.73 42.52 70.09 52.41 
