A:
53.75 19.93 5.58 86.64 65.81 44.28 34.64 33.46 30.36 77.14 
22.61 18.27 24.80 44.01 32.93 99.38 20.70 83.25 80.69 89.46 
50.86 26.37 50.59 83.32 47.13 46.21 26.65 48.50 97.92 3.82 
38.55 20.58 25.03 36.58 72.77 4.75 63.30 12.65 41.47 97.88 
12.44 9.39 61.10 89.58 54.45 40.92 0.60 3.77 63.39 35.88 
68.39 15.32 21.27 49.62 26.47 2.39 91.12 78.52 22.19 62.28 
16.03 21.16 63.76 46.79 15.81 19.35 73.34 67.46 13.17 9.39 
16.63 30.59 75.60 63.49 80.25 78.48 28.51 17.44 27.63 75.94 
44.94 29.69 80.49 16.93 18.77 84.34 40.15 93.68 75.56 17.07 
81.47 56.62 98.73 6.77 88.81 71.84 75.01 54.07 2.22 0.20 
B:
99.84 54.91 99.47 59.27 55.29 34.88 76.90 50.75 15.56 52.03 
37.76 88.64 29.94 71.31 16.23 51.67 60.05 58.59 4.18 38.11 
47.73 99.75 15.50 50.31 6.55 86.96 83.26 12.12 20.36 43.88 
59.46 55.19 3.14 31.07 84.69 70.83 42.69 58.10 71.61 93.30 
16.79 26.99 58.90 63.30 26.58 19.86 4.74 57.07 40.40 66.24 
10.36 7.04 5.66 14.77 27.07 7.95 39.85 46.97 75.09 79.54 
67.98 40.23 25.49 30.17 90.96 42.00 32.01 56.89 19.23 18.98 
82.25 93.21 62.91 70.90 52.50 44.71 0.36 94.25 85.76 43.75 
72.37 27.56 90.36 46.10 59.64 8.41 42.54 15.56 97.85 46.02 
87.90 73.88 26.20 65.12 96.08 39.21 97.19 77.88 55.75 50.66 
