A:
28.20 48.73 53.45 37.46 15.32 26.86 72.88 40.57 34.09 14.91 
47.94 80.29 69.85 20.49 32.81 8.12 54.56 86.07 54.23 54.69 
7.32 7.79 73.47 37.07 8.03 50.55 98.30 36.67 15.56 68.47 
90.76 12.44 32.98 51.38 73.57 7.80 42.14 59.67 13.96 74.21 
0.24 29.50 6.17 17.21 74.37 20.16 13.32 60.97 30.63 36.03 
21.43 83.15 10.95 82.23 91.08 97.43 84.78 93.90 95.62 11.21 
99.31 37.64 16.49 62.46 13.50 2.86 45.85 1.55 80.35 31.24 
95.80 19.79 10.65 21.57 27.32 31.27 15.68 91.31 70.05 30.83 
55.32 69.53 69.22 60.02 9.91 26.04 23.97 83.33 62.04 91.90 
88.22 69.55 42.12 39.12 70.69 47.77 53.16 30.22 90.91 24.99 
B:
34.02 3.58 52.38 43.14 94.34 56.34 8.25 42.03 38.81 67.08 
2.15 85.55 83.68 29.74 59.06 25.93 60.29 51.12 19.95 27.66 
81.83 0.42 61.42 97.51 75.64 11.77 31.48 84.15 16.66 41.75 
72.66 21.84 47.24 49.67 71.76 85.53 11.85 47.24 80.44 75.55 
8.86 33.40 87.69 7.03 35.48 31.59 66.52 96.14 28.45 33.00 
21.18 53.84 55.52 9.35 96.36 91.56 75.76 48.62 45.55 65.33 
55.48 92.22 52.88 36.81 33.21 81.06 91.86 43.46 38.04 82.34 
40.73 90.67 1.39 29.46 46.47 79.02 95.24 24.48 64.12 81.98 
85.62 56.76 48.99 22.86 55.04 72.96 29.14 63.30 5.45 29.52 
92.60 54.39 84.30 39.49 94.20 99.79 82.55 55.82 7.77 20.62 
