A:
93.95 43.48 25.31 72.33 55.18 78.60 2.76 5.59 23.83 59.54 
74.42 87.61 86.30 47.40 40.06 70.86 53.65 86.78 48.59 64.03 
29.94 15.32 71.72 43.46 56.03 1.82 97.40 95.35 70.95 75.63 
53.45 49.06 62.35 37.10 46.01 66.76 95.81 8.18 54.51 17.62 
6.70 96.03 10.44 38.32 39.66 95.92 63.44 50.26 80.87 36.26 
40.02 54.88 36.14 6.90 18.75 4.24 45.00 80.07 96.70 40.35 
36.35 79.00 80.82 78.12 21.14 90.62 69.45 50.05 59.08 47.77 
36.03 54.81 55.34 89.52 4.29 87.93 64.19 45.96 1.23 8.22 
37.99 36.58 96.38 15.55 99.14 85.35 17.39 68.73 25.57 25.81 
38.64 74.55 35.19 51.36 42.12 11.32 63.99 42.59 38.58 66.37 
B:
24.03 24.42 42.92 67.19 2.92 1.92 8.27 99.44 99.51 32.93 
15.95 77.78 95.20 89.85 30.55 74.54 59.98 48.53 42.15 25.96 
59.26 89.68 5.88 64.56 91.48 50.06 44.27 36.91 99.25 76.81 
33.50 36.92 0.84 97.94 0.22 91.11 0.80 79.58 68.95 14.12 
44.64 70.40 44.07 31.43 84.59 25.69 61.13 13.61 49.11 55.01 
85.46 13.86 78.44 44.99 40.10 11.36 75.33 76.19 40.59 14.77 
18.91 46.79 56.12 40.06 23.47 7.08 46.20 46.76 65.42 75.57 
53.38 93.80 72.69 51.64 28.65 93.98 9.40 77.65 52.69 23.27 
68.31 87.14 3.86 43.20 80.18 77.33 9.70 65.81 91.16 45.71 
34.39 69.43 31.98 60.35 67.84 14.36 67.53 2.70 39.45 91.20 
