A:
78.05 79.65 58.91 1.92 54.04 62.64 57.24 28.44 61.07 41.03 
76.47 92.09 5.02 6.70 6.27 65.85 84.96 50.42 39.03 86.93 
59.48 9.16 73.37 60.34 96.53 89.72 52.33 81.09 35.39 80.42 
19.97 79.03 93.29 46.84 84.32 29.43 81.38 59.06 75.71 92.71 
76.81 43.29 14.76 38.02 16.70 44.35 67.23 90.12 4.36 96.40 
21.25 35.54 63.94 60.90 17.52 61.45 85.56 74.51 33.65 53.01 
35.49 88.03 24.78 15.28 15.64 20.88 89.55 42.05 1.02 95.18 
6.09 64.91 65.90 42.98 7.48 51.43 97.39 98.22 18.65 2.85 
29.23 73.71 78.67 76.80 21.23 50.27 32.66 70.98 57.64 48.64 
12.00 59.62 91.09 84.09 75.86 46.56 61.71 27.40 38.55 72.59 
B:
79.22 38.63 89.08 13.98 25.62 14.37 14.74 99.05 35.35 67.10 
22.13 19.83 37.46 75.75 54.47 87.85 22.77 48.11 86.62 61.63 
76.75 0.90 1.52 47.37 87.66 99.61 32.18 97.69 17.24 96.71 
24.83 8.46 61.08 9.99 70.70 62.98 45.14 40.99 18.40 36.06 
6.35 19.38 54.68 7.23 93.04 46.17 39.54 63.52 62.24 3.85 
94.17 83.91 32.76 90.50 16.26 8.22 14.80 61.20 48.20 43.41 
76.89 10.16 95.73 20.57 97.24 42.43 93.78 35.77 54.77 80.70 
4.88 92.70 20.05 90.69 26.85 62.02 26.73 70.21 98.91 30.96 
67.73 91.12 3.26 90.57 4.70 79.60 10.23 82.31 81.24 0.07 
9.62 61.87 35.84 60.34 75.90 82.94 15.25 6.18 52.96 27.08 
