99.24 48.35 61.50 89.54 29.18 36.91 89.00 82.41 67.41 93.06 
6.79 89.41 33.01 7.70 40.17 2.39 41.51 26.55 1.15 61.82 
33.97 25.75 50.07 68.17 0.13 23.07 92.13 0.77 66.08 47.58 
77.50 97.71 1.23 78.54 91.39 89.76 89.14 51.39 22.19 56.22 
85.31 81.77 96.34 7.14 94.54 72.71 56.21 94.57 45.72 64.88 
12.53 64.53 19.68 92.41 39.00 16.24 83.49 2.32 83.61 46.29 
15.71 1.72 92.47 81.89 72.97 29.36 2.94 89.22 62.33 63.01 
33.31 26.68 81.80 0.16 41.99 46.08 22.99 32.14 98.14 56.70 
63.85 58.66 31.47 88.93 80.03 47.65 87.25 34.20 5.86 36.98 
85.34 58.07 85.91 74.36 57.82 6.20 67.17 38.99 64.26 44.97 

82.43 62.69 68.48 89.25 35.77 75.20 64.34 80.01 25.54 37.82 
36.96 54.55 13.93 6.77 71.03 26.53 46.89 22.15 37.63 92.24 
41.68 97.57 2.77 58.79 83.96 13.71 92.67 26.05 60.85 34.32 
88.61 37.34 2.60 1.91 75.94 16.16 14.13 73.68 42.32 47.25 
80.60 96.72 27.74 29.40 59.15 24.99 28.13 86.82 73.39 74.49 
33.42 17.99 7.43 67.49 27.14 26.07 26.74 31.06 0.60 98.12 
27.22 11.56 35.97 38.61 37.64 62.22 58.31 74.65 74.41 66.01 
8.44 60.86 18.91 92.19 3.90 31.31 64.94 39.52 44.29 65.33 
94.27 55.04 10.81 70.37 23.88 90.83 33.51 69.03 42.14 74.98 
4.57 29.69 52.20 73.48 49.38 81.95 17.88 0.27 70.22 64.45 
