14.92 65.02 5.87 41.85 34.71 12.14 41.22 72.79 75.88 46.26 
60.44 45.14 15.03 18.70 74.57 7.88 1.73 42.06 60.36 92.46 
59.56 13.00 79.85 32.06 26.78 32.86 75.77 52.42 81.70 12.07 
79.72 47.33 45.42 39.57 78.83 4.37 40.69 89.71 6.21 77.32 
52.10 70.79 39.22 21.72 44.34 31.76 6.79 9.03 73.00 60.51 
84.16 40.76 37.81 47.44 55.24 28.59 34.99 38.26 73.59 98.18 
45.30 94.51 61.55 6.34 55.19 37.39 35.77 15.25 10.14 69.65 
39.97 24.25 48.62 51.22 22.50 92.67 32.38 71.93 93.29 27.48 
48.64 40.36 93.07 61.03 22.30 21.61 79.45 86.28 60.90 50.82 
40.94 1.24 32.24 17.25 54.96 25.02 12.65 90.57 25.51 60.99 

81.33 12.13 79.50 41.39 40.43 73.32 37.26 56.69 51.73 46.57 
21.71 11.33 89.02 90.66 53.03 65.87 36.29 0.67 79.93 6.20 
88.31 52.77 58.61 98.61 86.44 70.08 67.81 41.56 35.32 22.89 
35.39 28.23 68.28 91.00 73.49 20.61 81.24 38.91 85.36 52.72 
32.22 80.99 55.73 8.91 5.82 32.92 22.60 16.42 40.07 42.13 
56.14 26.89 39.64 80.76 52.84 0.84 58.32 35.66 6.43 57.11 
26.41 56.00 53.72 42.93 31.37 58.87 51.84 29.42 0.09 19.52 
46.71 88.04 4.23 70.10 67.79 73.93 20.29 45.25 53.87 18.84 
76.28 24.28 12.53 22.12 62.93 16.60 65.04 65.69 28.87 31.47 
67.04 92.39 86.37 65.39 76.35 24.53 16.00 81.28 53.03 93.67 
