A:
90.45 41.30 68.33 23.83 38.13 0.55 3.62 4.98 88.63 16.09 
61.39 27.63 5.07 35.43 77.16 69.19 61.62 50.29 47.73 65.85 
87.65 40.42 79.96 40.67 60.09 29.73 48.56 88.06 63.23 1.93 
39.70 12.52 32.62 33.79 88.98 17.27 63.09 21.43 6.14 62.18 
23.91 91.23 0.79 29.15 54.30 60.93 52.25 45.36 87.78 68.27 
29.85 6.92 46.28 87.52 42.02 70.17 45.13 40.45 44.22 13.98 
4.73 91.57 98.88 45.38 19.13 17.48 50.24 92.97 4.80 1.46 
82.24 63.27 89.55 25.34 77.90 32.34 63.76 43.14 16.88 4.87 
54.73 35.56 97.28 53.01 60.07 99.94 83.62 21.72 18.98 6.47 
88.91 81.04 19.24 70.87 65.74 75.19 99.10 75.97 90.81 50.50 
B:
40.50 44.23 64.18 95.34 68.54 34.09 97.67 13.16 92.83 55.09 
9.30 28.08 93.55 57.83 88.60 86.28 62.82 51.78 52.99 13.21 
53.99 30.50 66.95 18.10 30.73 19.91 4.99 51.97 7.09 32.95 
21.70 24.83 53.27 61.05 26.26 78.79 77.60 29.44 55.99 54.85 
73.26 76.29 25.28 26.32 89.10 80.10 81.04 45.86 31.58 43.58 
37.22 89.14 82.71 58.90 70.65 75.95 91.04 24.68 84.50 53.73 
13.33 35.94 37.80 32.20 90.75 30.27 49.72 42.84 43.00 74.65 
65.01 61.08 5.85 77.89 36.30 14.01 15.49 95.04 81.79 24.72 
54.07 99.04 79.41 40.22 94.14 87.11 15.48 20.73 34.49 62.22 
79.29 23.94 78.70 98.12 49.74 36.55 33.35 11.12 29.51 86.75 
