A:
53.11 73.30 46.50 87.67 21.59 7.82 22.38 30.28 7.45 1.73 
34.38 17.83 22.07 36.18 76.92 72.29 3.97 11.01 48.50 68.21 
10.28 3.84 18.33 64.25 30.65 50.65 55.67 0.29 27.89 47.55 
81.19 36.84 17.48 85.17 50.06 90.12 34.46 96.52 79.12 29.62 
78.31 79.85 99.79 15.26 68.62 33.01 34.69 85.51 69.23 20.20 
81.62 32.15 8.81 19.40 93.00 2.23 31.81 9.82 12.24 60.33 
86.93 34.20 63.72 23.84 95.95 4.76 58.89 43.66 70.14 6.15 
66.60 39.97 41.48 32.54 24.92 87.10 38.73 83.01 45.58 37.40 
54.42 68.64 83.63 30.05 29.89 20.95 49.11 45.91 59.77 97.35 
21.36 46.59 9.81 12.55 91.50 47.45 44.68 61.27 83.92 84.13 
B:
33.04 8.82 16.05 25.27 34.74 63.56 62.61 67.72 94.80 79.85 
82.78 83.78 98.44 57.82 88.41 95.21 97.55 4.65 13.81 93.47 
56.08 55.18 21.23 42.15 55.73 52.37 4.35 15.02 80.72 36.68 
65.31 90.62 39.46 28.52 27.73 51.35 33.07 6.54 82.48 21.37 
74.73 26.78 61.93 32.41 17.69 61.82 52.03 44.91 1.24 95.81 
97.99 16.30 6.22 36.88 23.09 77.97 83.03 27.96 96.59 89.13 
28.50 95.81 6.91 24.07 68.72 88.65 71.57 48.29 79.36 69.54 
46.46 3.81 1.30 77.97 90.18 62.70 68.09 3.26 0.80 34.68 
4.74 86.27 31.86 56.63 74.77 69.20 23.73 53.24 55.82 73.45 
0.35 68.21 44.23 47.96 3.33 17.59 60.55 86.43 41.42 58.15 
