26.25 68.86 31.54 20.28 61.75 57.41 22.84 7.97 72.50 39.40 
8.37 57.96 86.67 26.26 15.41 95.41 18.15 79.49 69.00 77.82 
75.86 23.49 70.82 46.94 32.37 87.41 74.44 37.12 11.63 39.79 
4.34 20.75 49.00 24.70 52.54 52.79 40.27 28.63 9.26 57.94 
63.44 35.37 40.24 49.52 87.40 83.43 74.03 18.75 55.95 97.59 
49.49 38.89 28.18 52.90 44.62 84.07 58.71 96.99 95.98 3.82 
38.86 77.65 41.48 92.97 43.90 56.92 91.47 33.20 65.38 62.10 
52.46 69.10 17.66 9.12 16.64 46.54 50.75 71.92 23.64 41.18 
54.49 62.45 48.96 17.14 86.31 76.38 77.97 0.46 15.10 10.31 
26.08 38.29 84.09 21.59 73.14 78.79 15.92 77.64 40.94 78.26 

26.06 16.55 3.17 54.19 79.64 2.05 73.40 34.09 50.07 68.75 
73.98 55.89 91.32 53.31 78.83 10.56 41.26 64.96 43.18 67.74 
82.70 80.07 62.66 16.12 26.85 40.99 83.95 88.26 79.93 10.57 
28.20 66.69 98.30 66.94 48.33 68.82 55.00 90.18 67.06 30.45 
43.70 44.79 17.85 5.96 78.15 6.59 87.72 28.86 54.94 80.02 
80.48 36.35 1.26 53.68 85.36 13.28 58.09 7.76 94.13 24.25 
80.82 84.20 54.12 6.08 59.38 62.91 86.99 26.87 77.80 7.62 
68.72 91.26 82.98 54.28 63.79 5.96 61.89 16.68 54.74 28.65 
12.91 56.50 42.34 90.19 66.97 82.34 22.25 61.04 75.15 84.39 
46.90 87.60 79.03 28.85 29.56 50.41 99.58 91.93 93.81 65.11 
