A:
62.87 45.00 8.62 23.31 60.73 34.11 65.72 48.69 25.64 28.31 
49.85 38.75 69.20 26.12 16.92 35.30 79.32 30.40 94.05 23.54 
78.57 17.43 81.66 13.06 82.93 37.31 78.27 58.99 48.36 11.16 
28.98 99.60 31.29 0.25 35.75 32.65 84.01 61.66 19.74 72.02 
19.62 85.98 41.44 49.89 80.13 58.61 11.57 21.42 38.73 20.25 
48.52 91.32 5.52 98.25 78.23 27.97 37.64 47.78 8.49 20.41 
62.30 2.73 87.23 68.25 48.88 51.96 92.94 28.97 98.79 74.28 
54.53 77.43 18.77 21.78 26.93 19.40 23.73 13.62 48.33 40.96 
73.43 92.17 37.73 15.87 4.41 15.10 95.44 53.13 21.26 91.47 
20.63 87.95 88.53 10.37 38.50 85.12 93.30 29.82 3.96 21.59 
B:
38.36 69.85 80.22 98.54 48.41 53.20 4.41 68.93 46.78 82.36 
80.67 0.25 97.82 7.52 78.80 11.68 16.80 5.48 54.03 54.03 
45.08 23.01 1.91 46.47 21.28 35.01 48.36 26.97 18.85 50.48 
65.13 69.33 46.74 34.00 78.88 55.75 96.31 76.97 22.75 96.96 
3.32 97.03 68.24 1.86 61.03 86.27 16.55 60.14 30.46 15.60 
35.22 35.31 53.63 29.28 38.77 24.94 9.21 97.29 97.98 67.11 
53.54 38.70 9.50 84.91 97.51 51.84 74.38 15.79 54.96 7.92 
74.31 38.35 5.36 65.54 86.32 65.40 38.55 62.48 6.98 91.55 
2.43 39.28 33.06 7.87 55.15 32.81 98.70 16.55 58.33 10.97 
18.27 89.56 83.51 56.41 1.48 48.03 43.39 83.76 45.91 16.52 
