36.95 11.28 54.11 96.85 20.10 2.55 92.61 54.58 94.69 95.17 
89.78 22.38 48.35 50.01 16.63 19.53 10.30 33.16 41.29 54.13 
40.56 21.84 69.75 42.63 96.38 81.86 68.03 24.16 90.26 69.07 
42.89 12.52 71.45 21.65 27.75 78.67 83.51 3.53 78.46 16.75 
36.49 13.04 5.89 72.95 15.93 54.57 34.18 62.06 64.83 71.43 
10.01 10.93 53.13 98.31 11.67 6.47 16.71 3.73 60.27 69.76 
73.75 85.07 94.99 65.10 34.36 53.44 90.15 90.43 80.88 26.44 
55.85 91.24 56.47 97.17 26.66 45.99 94.82 59.40 82.24 50.16 
13.55 13.03 22.03 46.02 43.24 46.99 9.90 23.66 89.20 35.67 
39.80 67.33 62.78 25.96 2.27 13.15 82.78 18.56 81.16 10.24 

41.57 75.50 99.98 68.40 71.03 7.10 83.26 95.98 4.20 94.59 
47.59 74.81 37.45 37.70 61.47 95.02 56.22 5.07 73.73 99.44 
77.59 6.12 37.01 10.94 73.05 53.72 16.79 5.54 24.94 24.86 
93.71 40.02 94.97 9.67 71.61 63.00 20.69 12.57 22.75 51.95 
32.56 19.48 36.76 2.60 70.27 98.63 98.91 65.44 88.27 11.59 
88.74 11.60 95.24 17.17 99.21 12.31 77.83 79.13 59.34 26.81 
61.76 45.11 67.62 56.56 41.19 67.81 46.79 93.41 55.63 59.54 
84.23 37.13 59.68 79.70 2.05 52.15 33.49 79.01 63.35 9.57 
6.76 38.04 7.32 98.62 95.09 16.31 84.05 96.43 74.75 14.28 
32.18 44.66 67.75 67.30 10.76 87.68 4.78 25.12 62.23 74.09 
