82.61 93.83 0.15 49.28 71.24 59.28 84.63 11.31 92.77 18.69 
10.11 58.00 30.93 70.87 33.01 7.67 62.52 50.14 68.51 43.39 
75.02 67.59 17.31 42.09 8.12 31.70 76.89 71.06 35.93 45.20 
46.05 87.60 57.89 75.25 40.70 16.15 24.84 27.94 67.69 3.27 
34.86 97.10 28.20 68.63 65.13 35.11 18.22 72.28 11.99 53.51 
69.70 18.45 6.45 39.73 67.95 0.01 81.49 63.09 70.83 72.35 
96.07 99.67 81.71 95.44 22.00 95.91 70.14 88.28 11.28 1.78 
23.53 79.56 55.94 66.25 77.90 12.26 50.11 93.31 34.40 76.56 
92.23 99.63 89.88 43.01 68.97 79.43 50.11 99.05 57.65 82.35 
8.47 61.58 58.06 41.45 98.17 1.90 93.53 5.34 93.49 35.61 

46.67 4.48 30.03 6.87 21.88 22.29 35.35 87.46 41.80 43.91 
50.44 82.43 49.87 77.42 88.65 3.86 32.59 35.14 63.41 1.36 
81.76 65.69 11.04 15.05 84.58 48.34 54.30 29.04 70.59 98.10 
24.02 97.08 61.32 22.76 25.75 12.06 3.29 75.15 85.42 72.22 
52.20 8.59 3.38 15.25 97.13 35.73 15.84 33.29 16.07 5.41 
82.70 0.86 51.75 53.37 70.77 59.22 49.19 81.52 57.96 29.06 
10.17 31.77 1.64 6.18 71.64 11.06 34.11 92.37 39.97 74.09 
74.85 31.23 5.65 28.14 13.57 73.23 74.56 53.76 21.59 46.44 
23.57 50.09 21.94 47.60 91.73 21.17 59.04 41.16 69.69 82.83 
78.07 58.53 64.11 81.85 23.27 81.46 36.32 8.09 78.55 21.22 
