A:
65.26 86.33 26.58 6.12 7.20 34.38 49.09 84.80 31.34 92.32 
61.28 88.94 15.99 7.96 3.45 23.20 71.62 53.98 20.59 10.80 
32.97 18.81 58.55 61.90 89.05 22.50 85.62 45.53 14.04 49.17 
49.25 37.73 87.91 23.07 2.33 39.86 82.58 68.41 13.81 31.54 
39.05 5.24 68.02 77.82 58.79 51.59 4.88 32.43 31.07 50.86 
93.42 72.75 0.92 16.65 26.99 71.65 57.28 89.25 30.19 59.40 
50.62 0.54 50.84 97.34 92.99 72.85 41.96 12.93 89.29 10.15 
80.82 32.37 10.73 14.93 92.25 33.42 87.85 48.90 70.97 24.14 
49.48 99.90 44.63 36.85 92.98 52.25 32.84 14.43 58.29 88.02 
54.21 45.94 59.45 84.29 43.60 43.92 8.94 34.04 57.22 42.02 
B:
21.94 79.53 31.93 48.41 74.36 43.29 10.40 75.69 86.59 50.29 
19.45 73.79 39.07 83.48 30.25 2.03 72.81 56.03 27.57 96.01 
45.91 82.07 32.57 76.70 16.78 51.87 23.24 66.14 31.50 63.13 
27.17 16.99 51.25 54.78 34.02 79.79 94.14 87.26 71.15 48.88 
94.99 27.17 23.94 84.06 96.99 72.23 16.40 75.67 17.29 97.51 
84.77 83.78 91.22 56.14 37.04 54.83 3.82 53.78 76.37 36.72 
36.08 47.04 1.22 24.18 4.21 70.88 50.05 66.93 27.22 8.64 
78.62 0.81 96.53 11.72 90.47 96.78 8.44 34.09 18.58 27.22 
80.49 62.82 6.80 76.33 54.36 50.32 98.50 13.47 3.24 71.45 
24.68 75.32 64.09 41.34 68.20 9.00 22.71 82.28 52.10 62.06 
