96.45 57.51 7.02 27.10 74.05 29.94 54.38 44.93 93.19 50.58 
22.02 44.63 78.92 77.26 36.51 22.84 96.31 88.55 85.15 66.59 
72.47 53.26 86.49 72.31 20.74 90.43 29.86 58.59 78.35 37.67 
87.59 51.35 90.39 91.75 6.09 86.79 56.92 57.94 41.29 26.14 
56.68 9.85 54.67 44.85 55.81 52.94 41.03 29.83 95.72 11.01 
33.97 32.42 41.90 36.83 71.14 49.27 82.58 12.37 25.08 22.80 
90.74 74.83 29.56 66.76 80.29 30.14 79.62 56.20 4.44 3.28 
59.04 7.41 62.20 78.40 80.52 20.70 78.47 5.60 55.72 36.35 
53.66 1.32 81.57 53.37 54.08 65.13 13.73 54.75 45.85 15.25 
89.88 48.68 87.53 28.42 77.16 29.31 83.31 63.16 40.68 53.46 

77.19 59.90 44.66 17.89 3.85 66.92 73.14 12.12 20.92 54.97 
9.35 80.44 18.96 60.59 64.65 57.93 84.17 83.28 35.53 69.38 
38.36 82.11 2.95 23.22 39.29 72.00 64.04 44.35 0.56 46.17 
22.03 10.58 20.94 39.55 47.60 45.85 96.28 48.51 75.23 25.14 
4.97 67.20 2.11 55.54 20.01 71.94 5.82 52.77 28.43 85.27 
4.30 64.00 10.12 3.85 87.29 52.91 26.19 11.80 82.67 35.54 
20.06 48.25 40.01 55.68 44.40 95.48 22.11 1.33 23.04 70.62 
85.74 53.12 45.17 44.80 36.79 34.56 38.83 34.78 36.89 47.32 
81.94 81.03 6.34 88.81 90.11 44.76 37.49 40.35 18.84 67.54 
64.53 63.02 36.97 80.24 38.79 57.19 74.90 74.80 76.15 13.66 
