88.32 51.79 47.63 30.93 8.35 75.12 85.39 99.52 84.21 99.87 
27.44 3.05 68.23 25.98 68.50 27.08 34.78 40.33 94.70 26.02 
57.54 66.42 93.65 47.30 39.98 69.18 43.72 23.63 48.00 62.68 
3.41 29.37 71.69 71.65 91.49 19.49 3.86 43.49 3.42 31.94 
41.00 64.36 24.87 99.24 40.13 93.43 6.22 80.78 43.03 95.34 
5.15 83.60 53.79 61.56 21.92 51.62 44.67 50.69 55.50 93.95 
15.38 90.22 12.70 52.55 26.47 90.31 62.25 43.15 56.05 24.78 
97.27 92.42 94.43 63.01 45.08 96.12 47.38 86.11 9.38 67.87 
86.09 70.00 86.13 16.43 18.40 73.68 67.17 62.61 12.25 63.09 
33.11 22.32 50.60 44.11 99.63 98.37 72.20 37.10 33.05 53.04 

45.78 72.64 48.86 78.60 63.93 70.48 56.44 81.06 56.77 69.55 
40.19 44.64 39.82 74.25 87.28 29.85 58.53 1.06 91.79 19.54 
72.89 2.29 85.83 87.41 12.09 49.52 28.93 16.20 27.43 97.67 
71.78 52.81 31.53 88.74 85.59 28.57 48.30 38.85 66.78 78.78 
39.79 83.19 73.51 39.52 94.88 19.17 66.23 99.49 29.39 23.14 
98.51 23.98 82.14 35.00 92.13 30.83 45.13 2.70 17.42 22.11 
30.94 29.49 17.80 98.98 71.22 12.21 25.88 71.59 2.06 59.46 
71.90 29.16 55.31 86.72 25.61 36.08 55.17 57.24 97.55 23.20 
29.87 41.55 75.12 66.77 70.26 23.41 68.04 10.75 36.48 0.61 
9.36 69.64 53.78 41.02 34.64 22.15 3.15 22.79 79.89 56.49 
