97.09 28.14 66.45 83.46 32.66 93.51 22.37 43.08 74.60 48.50 
95.24 3.63 24.36 92.29 92.37 96.41 46.76 55.64 21.90 10.54 
56.03 5.78 92.00 39.66 60.39 69.08 15.24 71.91 61.63 20.05 
52.68 46.51 45.53 15.66 95.26 20.03 81.78 33.74 78.72 92.91 
63.61 99.78 86.70 69.99 86.89 4.38 58.02 89.03 55.05 21.02 
83.94 5.64 72.38 38.02 63.31 93.26 44.44 5.30 15.26 29.01 
16.85 39.26 87.81 81.94 86.02 48.69 96.53 85.20 44.76 75.07 
59.20 85.03 65.90 34.32 17.15 33.85 53.24 63.40 5.96 87.43 
98.35 12.47 41.50 19.85 26.94 44.85 67.29 88.84 72.74 16.41 
42.49 26.95 73.41 87.31 37.26 74.87 62.39 34.55 89.06 40.15 

52.84 52.19 65.92 3.37 19.71 78.61 72.56 8.98 49.95 29.86 
22.03 74.36 94.60 91.83 66.83 50.19 19.54 90.84 47.46 74.66 
17.04 79.90 13.87 88.62 34.69 49.08 24.75 44.19 87.87 54.06 
22.57 25.41 11.67 26.58 13.52 76.83 56.55 25.69 94.65 32.29 
34.33 37.58 60.34 77.47 73.84 53.96 41.30 37.52 50.15 63.63 
67.91 98.76 99.75 45.93 40.29 74.74 14.12 85.74 98.14 74.71 
98.79 19.39 62.09 44.12 24.07 27.44 98.78 20.97 53.17 43.94 
99.17 20.13 81.57 40.79 72.66 3.22 97.74 14.59 83.58 23.08 
17.51 4.67 81.24 17.34 93.60 28.92 29.01 6.11 58.98 42.82 
64.97 5.61 72.19 73.55 29.96 15.46 99.19 65.80 43.82 15.37 
