11.59 66.43 6.17 70.10 37.65 71.79 6.99 56.36 11.32 58.15 
76.88 34.39 7.13 97.00 96.06 85.07 65.03 50.24 20.72 34.10 
90.05 89.96 5.97 84.68 30.94 35.06 82.22 98.42 35.95 42.31 
1.80 38.19 83.40 43.56 12.77 18.54 83.07 2.40 57.86 8.87 
32.95 45.15 17.43 9.52 39.51 35.40 83.25 59.19 65.54 75.30 
32.93 84.15 52.87 7.09 25.67 48.58 62.94 25.32 37.34 84.76 
37.72 69.21 97.80 40.63 35.67 45.19 12.29 86.64 16.93 26.42 
60.74 0.22 68.25 54.58 11.91 86.48 15.07 69.12 40.61 27.75 
28.72 94.40 2.80 57.70 25.35 64.85 9.16 59.30 41.66 40.52 
9.26 53.24 86.22 36.26 36.16 1.64 88.47 57.42 79.66 65.56 

1.29 41.62 46.52 44.39 18.84 44.27 63.97 51.49 71.40 75.07 
56.28 24.96 27.81 91.58 99.56 14.52 85.07 14.83 59.11 23.78 
47.67 57.10 64.61 11.87 53.38 95.61 18.19 57.45 52.00 55.03 
56.69 55.94 28.69 77.88 32.52 18.80 19.75 42.35 88.54 23.41 
44.70 2.63 41.12 60.93 12.16 96.69 37.51 15.66 72.92 54.57 
97.24 37.68 51.79 4.40 85.79 33.30 1.36 45.42 48.05 87.12 
21.35 33.11 38.48 77.62 93.83 19.90 7.56 58.58 88.14 50.25 
93.84 55.46 20.52 88.20 58.27 32.31 62.18 42.00 66.19 63.59 
54.82 49.61 91.08 72.31 22.22 56.68 6.64 14.78 16.55 50.74 
82.35 6.45 53.00 45.19 20.60 31.74 43.80 88.86 40.12 17.63 
