A:
81.58 97.58 14.31 67.80 70.31 58.62 96.83 82.16 61.43 90.35 
49.66 87.58 71.26 91.66 70.25 55.03 83.04 61.97 35.28 29.06 
12.87 68.08 23.02 76.84 45.66 20.46 84.07 5.07 86.48 25.08 
73.80 11.08 85.72 5.20 53.86 78.65 73.98 25.96 0.02 33.46 
68.53 44.05 12.01 12.50 49.90 58.74 70.69 82.07 94.39 28.47 
25.06 12.99 57.37 47.57 91.80 55.12 85.52 17.98 53.81 48.55 
71.59 29.94 28.12 1.74 3.81 21.29 40.85 80.97 75.79 6.66 
60.62 78.97 14.47 95.19 81.96 74.04 7.56 98.87 20.52 62.23 
33.35 4.73 73.36 70.48 16.77 66.28 91.97 25.57 96.73 28.77 
21.03 34.28 59.84 15.79 36.29 54.22 65.59 95.38 47.18 38.63 
B:
47.04 43.90 53.69 47.50 94.27 79.67 30.13 95.41 98.62 72.86 
92.27 8.57 38.56 47.85 26.85 1.73 89.44 15.95 65.14 45.59 
41.76 26.72 90.73 65.40 36.38 78.80 17.39 37.55 95.84 92.73 
21.93 46.62 38.13 57.55 27.02 67.68 31.93 92.21 19.58 13.07 
48.91 87.65 30.76 72.77 12.64 50.33 10.48 95.00 61.53 55.40 
7.22 9.38 68.53 11.87 11.76 46.11 20.33 76.02 9.00 80.21 
17.82 6.27 31.01 27.44 6.34 85.66 9.46 56.77 99.68 16.63 
96.62 74.16 47.51 19.08 51.51 29.20 33.87 47.16 40.26 61.47 
61.46 65.22 44.21 99.43 41.67 6.38 81.81 54.80 84.25 88.87 
76.69 8.10 56.55 26.96 34.39 95.47 37.60 69.81 82.20 25.23 
