66.72 72.50 37.59 6.91 21.17 62.62 61.61 46.67 50.84 68.70 
30.98 77.74 76.31 19.10 0.73 78.18 97.50 68.35 61.26 26.83 
43.40 97.56 53.95 24.04 79.44 74.09 95.51 36.23 34.07 33.86 
32.64 4.30 66.24 17.28 2.95 11.45 87.60 54.93 55.30 97.35 
74.23 96.69 26.84 92.60 91.78 47.24 42.03 6.60 28.75 88.30 
22.51 28.61 11.34 54.67 64.51 54.90 26.02 60.52 39.04 65.30 
34.64 6.28 67.64 89.47 91.77 30.13 81.58 75.44 44.29 63.08 
33.17 50.11 72.10 64.11 67.81 93.01 45.00 30.12 16.71 60.08 
48.90 73.81 0.48 26.96 30.89 4.15 59.06 26.83 69.42 94.36 
23.39 89.20 91.71 33.08 42.45 68.43 87.41 76.39 42.02 35.72 

44.91 39.55 97.65 38.66 8.84 54.83 23.44 4.15 67.89 75.62 
86.43 5.25 84.81 64.26 36.51 50.80 42.89 87.91 55.77 58.15 
61.64 50.36 60.06 51.28 47.26 90.33 21.47 10.06 80.74 32.16 
25.83 48.19 72.35 11.79 12.21 94.25 85.97 62.98 3.65 26.51 
44.68 36.65 15.47 71.95 73.56 64.99 39.64 70.63 0.33 95.64 
6.89 42.44 38.56 42.42 21.68 45.65 36.81 31.03 28.54 50.54 
10.14 5.01 31.75 17.31 61.12 47.67 53.41 11.92 97.53 86.19 
21.31 36.09 64.19 64.45 74.15 99.36 81.04 90.12 31.07 95.92 
71.95 60.76 88.71 68.86 25.06 57.98 89.93 60.54 13.76 99.39 
43.50 27.77 54.17 89.85 76.37 30.47 84.90 24.72 13.44 10.38 
