64.12 45.07 82.23 6.40 79.41 11.98 13.69 6.29 34.18 33.31 
16.36 85.91 5.04 58.97 84.32 91.00 44.89 8.78 64.14 19.43 
55.82 94.69 3.52 50.37 70.83 20.86 72.57 78.77 61.88 74.97 
72.18 98.68 59.06 46.23 72.17 19.80 51.65 1.54 17.51 43.87 
87.15 25.11 72.55 88.86 95.15 35.67 85.85 35.44 43.82 19.16 
51.38 48.03 3.49 9.72 52.05 59.91 20.37 2.45 44.91 83.40 
6.70 7.43 56.43 87.99 77.58 67.80 49.15 35.52 16.45 77.69 
2.36 60.74 25.63 19.70 6.54 62.64 25.69 7.81 64.46 32.93 
4.00 74.53 15.09 58.84 6.35 53.08 23.65 83.01 80.54 71.38 
61.33 2.86 54.61 19.71 7.51 64.64 51.90 69.19 52.27 3.58 

14.08 19.38 25.54 91.06 60.62 44.21 47.99 59.53 12.78 24.20 
82.89 36.85 31.05 56.83 85.59 42.99 19.13 89.45 67.80 3.27 
94.47 1.93 98.60 47.11 91.23 83.73 64.19 58.96 76.15 79.61 
26.73 61.46 86.02 43.05 83.46 85.77 45.86 23.96 98.70 7.89 
93.42 62.58 13.73 6.89 40.85 51.66 11.64 64.49 66.59 55.49 
57.40 79.03 78.02 51.76 24.10 18.69 52.32 79.65 5.85 54.45 
23.57 64.34 21.28 35.88 88.90 89.97 82.20 0.12 74.03 41.98 
13.59 68.65 91.99 82.97 85.89 94.60 46.58 46.20 39.81 8.79 
24.49 76.58 22.29 71.96 32.12 47.46 71.67 63.14 66.98 11.03 
87.58 63.33 16.61 53.07 43.13 86.67 15.63 25.37 92.48 85.76 
