32.43 40.16 48.36 12.74 64.78 3.96 96.99 62.63 74.81 45.36 
9.33 56.14 11.81 78.25 4.52 34.88 95.74 57.96 62.69 70.26 
47.25 75.43 76.89 58.50 71.03 38.32 88.95 98.51 28.76 76.85 
29.10 25.76 36.82 24.51 51.95 77.50 20.04 45.97 94.03 99.17 
59.90 49.47 37.48 99.65 76.75 2.57 38.28 86.74 10.10 25.14 
5.55 16.78 11.62 27.05 17.78 22.28 68.24 76.05 24.75 23.00 
2.25 10.40 5.96 67.16 6.44 82.64 51.98 94.63 12.21 20.82 
51.95 10.20 19.86 77.95 13.52 47.68 30.57 60.35 5.79 3.12 
24.85 28.27 36.22 42.48 43.63 30.94 58.93 66.29 31.96 24.45 
48.71 65.78 81.77 14.86 57.17 50.33 55.78 60.91 0.55 91.95 

18.74 42.28 67.08 9.98 4.33 95.05 56.60 83.89 38.49 76.47 
19.78 80.74 57.92 17.09 47.08 5.17 82.47 97.49 7.06 0.64 
91.95 69.00 8.52 89.46 54.17 93.73 96.25 99.05 17.16 14.17 
76.71 34.59 18.84 60.78 90.60 42.34 56.11 34.64 15.75 62.69 
45.07 94.41 32.93 98.01 61.64 18.38 36.05 97.06 89.09 84.31 
70.26 65.78 89.51 42.57 27.56 78.72 63.73 65.47 66.15 0.28 
79.19 18.15 76.15 22.17 24.58 0.46 37.18 24.78 69.18 35.48 
26.14 72.89 87.89 88.05 4.89 85.36 60.03 51.36 70.25 5.47 
84.05 93.73 23.70 51.93 88.87 93.15 53.18 56.92 7.97 97.64 
86.35 0.98 90.03 86.61 29.91 8.65 96.53 90.72 23.41 17.64 
